{
 "cells": [
  {
   "cell_type": "markdown",
   "metadata": {},
   "source": [
    "# 水平集函数的重置化"
   ]
  },
  {
   "cell_type": "code",
   "execution_count": 9,
   "metadata": {},
   "outputs": [],
   "source": [
    "import numpy as np\n",
    "from scipy import ndimage\n",
    "\n",
    "def reinit(sampling, struc):\n",
    "    \"\"\"\n",
    "    根据给定的结构重置化水平集函数\n",
    "\n",
    "    该函数通过添加 void 单元的边界来扩展输入结构，计算到最近的 solid 和 void 单元\n",
    "    的欧几里得距离，并计算水平集函数，该函数在 solid phase 内为正，在 void phase 中为负\n",
    "\n",
    "    Parameters:\n",
    "    - sampling: 距离尺度\n",
    "    - struc ( ndarray - (nely, nelx) ): 表示结构的 solid(1) 和 void(0) 单元\n",
    "\n",
    "    Returns:\n",
    "    - lsf ( ndarray - (nely+2, nelx+2) ): 表示重置化后的水平集函数\n",
    "\n",
    "    Notes:\n",
    "    只适用于正方形单元\n",
    "    \"\"\"\n",
    "\n",
    "    nely, nelx = struc.shape\n",
    "    strucFull = np.zeros((nely + 2, nelx + 2))\n",
    "    strucFull[1:-1, 1:-1] = struc\n",
    "\n",
    "    # Compute the distance to the nearest void (0-valued) cells.\n",
    "    dist_to_0 = ndimage.distance_transform_edt(strucFull, sampling=sampling)\n",
    "\n",
    "    # Compute the distance to the nearest solid (1-valued) cells.\n",
    "    dist_to_1 = ndimage.distance_transform_edt(1 - strucFull, sampling=sampling)\n",
    "\n",
    "    # Offset the distances by 0.5 to center the level set function on the boundaries.\n",
    "    element_length = sampling / 2\n",
    "    temp_0 = dist_to_0 - element_length\n",
    "    temp_1 = dist_to_1 - element_length\n",
    "\n",
    "    # Calculate the level set function, ensuring the correct sign inside and outside the structure.\n",
    "    lsf = -(1 - strucFull) * temp_1 + strucFull * temp_0\n",
    "\n",
    "    return lsf"
   ]
  },
  {
   "cell_type": "markdown",
   "metadata": {},
   "source": [
    "## （1）全实心结构"
   ]
  },
  {
   "cell_type": "code",
   "execution_count": 10,
   "metadata": {},
   "outputs": [],
   "source": [
    "\n",
    "# 测试参数\n",
    "nelx0, nely0 = 6, 4\n",
    "domain0 = [0, 6, 0, 4]\n",
    "ew0 = (domain0[1] - domain0[0]) / nelx0 \n",
    "eh0 = (domain0[3] - domain0[2]) / nely0 \n",
    "\n",
    "# 创建一个测试用的结构数组\n",
    "struc0 = np.ones((nely0, nelx0))\n",
    "\n",
    "# 调用 reinit 函数\n",
    "lsf0 = reinit(sampling=ew0, struc=struc0)"
   ]
  },
  {
   "cell_type": "markdown",
   "metadata": {},
   "source": [
    "## （2）带孔洞结构"
   ]
  },
  {
   "cell_type": "code",
   "execution_count": 11,
   "metadata": {},
   "outputs": [
    {
     "data": {
      "text/plain": [
       "'visualization/chaills_hole.vts'"
      ]
     },
     "execution_count": 11,
     "metadata": {},
     "output_type": "execute_result"
    }
   ],
   "source": [
    "\n",
    "# 测试参数\n",
    "nelx1, nely1 = 32, 20\n",
    "domain1 = [0, 32, 0, 20]\n",
    "ew1 = (domain1[1] - domain1[0]) / nelx1 \n",
    "eh1 = (domain1[3] - domain1[2]) / nely1 \n",
    "\n",
    "# 创建一个测试用的结构数组（含有一个孔洞）\n",
    "struc1 = np.ones((nely1, nelx1))\n",
    "struc1[8:12, 13:19] = 0\n",
    "strucFull1 = np.zeros((nely1 + 2, nelx1 + 2))\n",
    "strucFull1[1:-1, 1:-1] = struc1\n",
    "\n",
    "# 调用 reinit 函数\n",
    "lsf1 = reinit(sampling=ew1, struc=struc1)\n",
    "\n",
    "# 可视化\n",
    "from fealpy.mesh import UniformMesh2d\n",
    "hx1 = (domain1[1] - domain1[0]) / nelx1\n",
    "hy1 = (domain1[3] - domain1[2]) / nely1\n",
    "mesh1 = UniformMesh2d(extent=(0, nelx1+2, 0, nely1+2), \n",
    "                    h=(hx1, hy1), origin=(domain1[0], domain1[2]))\n",
    "\n",
    "import os\n",
    "visualization_dir = 'visualization/'\n",
    "os.makedirs(visualization_dir, exist_ok=True)\n",
    "\n",
    "fname1 = os.path.join(visualization_dir, 'chaills_hole.vts')\n",
    "mesh1.to_vtk(filename=fname1, \n",
    "                celldata={'strucFull': strucFull1.flatten('F'),\n",
    "                          'lsf': lsf1.flatten('F')})"
   ]
  },
  {
   "cell_type": "markdown",
   "metadata": {},
   "source": [
    "## （3）reinit 函数检验\n",
    "符号距离函数\n",
    "$$\\phi(x,y) = \\sqrt{(x-0.5)^2+(y-0.75)^2} - 0.15$$\n",
    "其中$(x,y)\\in[0, 1]\\times[0,1]$。\n",
    "$$|\\nabla\\phi| = \\sqrt{\\bigg(\\frac{x-0.5}{\\sqrt{(x-0.5)^2+(y-0.5)^2}}\\bigg)^2 + \\bigg(\\frac{y-0.75}{\\sqrt{(x-0.5)^2+(y-0.5)^2)}}\\bigg)^2} = 1$$\n",
    "非符号距离函数\n",
    "$$\\psi(x,y) = (x-0.5)^2+(y-0.75)^2 - 0.0115$$\n",
    "其中$(x,y)\\in[0, 1]\\times[0,1]$。\n",
    "$$|\\nabla\\psi| = \\sqrt{(2(x-0.5)^2 + (2(y-0.75))^2} = 2\\sqrt{(x-0.5)^2+(y-0.75)^2} = 2\\sqrt{0.0115} \\neq 1$$"
   ]
  },
  {
   "cell_type": "code",
   "execution_count": 12,
   "metadata": {},
   "outputs": [],
   "source": [
    "from fealpy.decorator import cartesian\n",
    "\n",
    "# 非符号距离函数的水平集函数\n",
    "@cartesian\n",
    "def phi_nsd(p):\n",
    "    x = p[..., 0]\n",
    "    y = p[..., 1]\n",
    "    val = (x - 0.5)**2 + (y - 0.75)**2 - 0.0115\n",
    "\n",
    "    return val\n",
    "\n",
    "# 符号距离函数的水平集函数\n",
    "@cartesian\n",
    "def phi_sd(p):\n",
    "    x = p[..., 0]\n",
    "    y = p[..., 1]\n",
    "    val = np.sqrt((x - 0.5)**2 + (y - 0.75)**2) - 0.15\n",
    "\n",
    "    return val"
   ]
  },
  {
   "cell_type": "code",
   "execution_count": 13,
   "metadata": {},
   "outputs": [
    {
     "name": "stdout",
     "output_type": "stream",
     "text": [
      "phi_nsd_interpolate: (22, 22) \n",
      " [[ 7.3975e-01  6.9475e-01  6.5475e-01  6.1975e-01  5.8975e-01  5.6475e-01\n",
      "   5.4475e-01  5.2975e-01  5.1975e-01  5.1475e-01  5.1475e-01  5.1975e-01\n",
      "   5.2975e-01  5.4475e-01  5.6475e-01  5.8975e-01  6.1975e-01  6.5475e-01\n",
      "   6.9475e-01  7.3975e-01  7.8975e-01  8.4475e-01]\n",
      " [ 6.6975e-01  6.2475e-01  5.8475e-01  5.4975e-01  5.1975e-01  4.9475e-01\n",
      "   4.7475e-01  4.5975e-01  4.4975e-01  4.4475e-01  4.4475e-01  4.4975e-01\n",
      "   4.5975e-01  4.7475e-01  4.9475e-01  5.1975e-01  5.4975e-01  5.8475e-01\n",
      "   6.2475e-01  6.6975e-01  7.1975e-01  7.7475e-01]\n",
      " [ 6.0475e-01  5.5975e-01  5.1975e-01  4.8475e-01  4.5475e-01  4.2975e-01\n",
      "   4.0975e-01  3.9475e-01  3.8475e-01  3.7975e-01  3.7975e-01  3.8475e-01\n",
      "   3.9475e-01  4.0975e-01  4.2975e-01  4.5475e-01  4.8475e-01  5.1975e-01\n",
      "   5.5975e-01  6.0475e-01  6.5475e-01  7.0975e-01]\n",
      " [ 5.4475e-01  4.9975e-01  4.5975e-01  4.2475e-01  3.9475e-01  3.6975e-01\n",
      "   3.4975e-01  3.3475e-01  3.2475e-01  3.1975e-01  3.1975e-01  3.2475e-01\n",
      "   3.3475e-01  3.4975e-01  3.6975e-01  3.9475e-01  4.2475e-01  4.5975e-01\n",
      "   4.9975e-01  5.4475e-01  5.9475e-01  6.4975e-01]\n",
      " [ 4.8975e-01  4.4475e-01  4.0475e-01  3.6975e-01  3.3975e-01  3.1475e-01\n",
      "   2.9475e-01  2.7975e-01  2.6975e-01  2.6475e-01  2.6475e-01  2.6975e-01\n",
      "   2.7975e-01  2.9475e-01  3.1475e-01  3.3975e-01  3.6975e-01  4.0475e-01\n",
      "   4.4475e-01  4.8975e-01  5.3975e-01  5.9475e-01]\n",
      " [ 4.3975e-01  3.9475e-01  3.5475e-01  3.1975e-01  2.8975e-01  2.6475e-01\n",
      "   2.4475e-01  2.2975e-01  2.1975e-01  2.1475e-01  2.1475e-01  2.1975e-01\n",
      "   2.2975e-01  2.4475e-01  2.6475e-01  2.8975e-01  3.1975e-01  3.5475e-01\n",
      "   3.9475e-01  4.3975e-01  4.8975e-01  5.4475e-01]\n",
      " [ 3.9475e-01  3.4975e-01  3.0975e-01  2.7475e-01  2.4475e-01  2.1975e-01\n",
      "   1.9975e-01  1.8475e-01  1.7475e-01  1.6975e-01  1.6975e-01  1.7475e-01\n",
      "   1.8475e-01  1.9975e-01  2.1975e-01  2.4475e-01  2.7475e-01  3.0975e-01\n",
      "   3.4975e-01  3.9475e-01  4.4475e-01  4.9975e-01]\n",
      " [ 3.5475e-01  3.0975e-01  2.6975e-01  2.3475e-01  2.0475e-01  1.7975e-01\n",
      "   1.5975e-01  1.4475e-01  1.3475e-01  1.2975e-01  1.2975e-01  1.3475e-01\n",
      "   1.4475e-01  1.5975e-01  1.7975e-01  2.0475e-01  2.3475e-01  2.6975e-01\n",
      "   3.0975e-01  3.5475e-01  4.0475e-01  4.5975e-01]\n",
      " [ 3.1975e-01  2.7475e-01  2.3475e-01  1.9975e-01  1.6975e-01  1.4475e-01\n",
      "   1.2475e-01  1.0975e-01  9.9750e-02  9.4750e-02  9.4750e-02  9.9750e-02\n",
      "   1.0975e-01  1.2475e-01  1.4475e-01  1.6975e-01  1.9975e-01  2.3475e-01\n",
      "   2.7475e-01  3.1975e-01  3.6975e-01  4.2475e-01]\n",
      " [ 2.8975e-01  2.4475e-01  2.0475e-01  1.6975e-01  1.3975e-01  1.1475e-01\n",
      "   9.4750e-02  7.9750e-02  6.9750e-02  6.4750e-02  6.4750e-02  6.9750e-02\n",
      "   7.9750e-02  9.4750e-02  1.1475e-01  1.3975e-01  1.6975e-01  2.0475e-01\n",
      "   2.4475e-01  2.8975e-01  3.3975e-01  3.9475e-01]\n",
      " [ 2.6475e-01  2.1975e-01  1.7975e-01  1.4475e-01  1.1475e-01  8.9750e-02\n",
      "   6.9750e-02  5.4750e-02  4.4750e-02  3.9750e-02  3.9750e-02  4.4750e-02\n",
      "   5.4750e-02  6.9750e-02  8.9750e-02  1.1475e-01  1.4475e-01  1.7975e-01\n",
      "   2.1975e-01  2.6475e-01  3.1475e-01  3.6975e-01]\n",
      " [ 2.4475e-01  1.9975e-01  1.5975e-01  1.2475e-01  9.4750e-02  6.9750e-02\n",
      "   4.9750e-02  3.4750e-02  2.4750e-02  1.9750e-02  1.9750e-02  2.4750e-02\n",
      "   3.4750e-02  4.9750e-02  6.9750e-02  9.4750e-02  1.2475e-01  1.5975e-01\n",
      "   1.9975e-01  2.4475e-01  2.9475e-01  3.4975e-01]\n",
      " [ 2.2975e-01  1.8475e-01  1.4475e-01  1.0975e-01  7.9750e-02  5.4750e-02\n",
      "   3.4750e-02  1.9750e-02  9.7500e-03  4.7500e-03  4.7500e-03  9.7500e-03\n",
      "   1.9750e-02  3.4750e-02  5.4750e-02  7.9750e-02  1.0975e-01  1.4475e-01\n",
      "   1.8475e-01  2.2975e-01  2.7975e-01  3.3475e-01]\n",
      " [ 2.1975e-01  1.7475e-01  1.3475e-01  9.9750e-02  6.9750e-02  4.4750e-02\n",
      "   2.4750e-02  9.7500e-03 -2.5000e-04 -5.2500e-03 -5.2500e-03 -2.5000e-04\n",
      "   9.7500e-03  2.4750e-02  4.4750e-02  6.9750e-02  9.9750e-02  1.3475e-01\n",
      "   1.7475e-01  2.1975e-01  2.6975e-01  3.2475e-01]\n",
      " [ 2.1475e-01  1.6975e-01  1.2975e-01  9.4750e-02  6.4750e-02  3.9750e-02\n",
      "   1.9750e-02  4.7500e-03 -5.2500e-03 -1.0250e-02 -1.0250e-02 -5.2500e-03\n",
      "   4.7500e-03  1.9750e-02  3.9750e-02  6.4750e-02  9.4750e-02  1.2975e-01\n",
      "   1.6975e-01  2.1475e-01  2.6475e-01  3.1975e-01]\n",
      " [ 2.1475e-01  1.6975e-01  1.2975e-01  9.4750e-02  6.4750e-02  3.9750e-02\n",
      "   1.9750e-02  4.7500e-03 -5.2500e-03 -1.0250e-02 -1.0250e-02 -5.2500e-03\n",
      "   4.7500e-03  1.9750e-02  3.9750e-02  6.4750e-02  9.4750e-02  1.2975e-01\n",
      "   1.6975e-01  2.1475e-01  2.6475e-01  3.1975e-01]\n",
      " [ 2.1975e-01  1.7475e-01  1.3475e-01  9.9750e-02  6.9750e-02  4.4750e-02\n",
      "   2.4750e-02  9.7500e-03 -2.5000e-04 -5.2500e-03 -5.2500e-03 -2.5000e-04\n",
      "   9.7500e-03  2.4750e-02  4.4750e-02  6.9750e-02  9.9750e-02  1.3475e-01\n",
      "   1.7475e-01  2.1975e-01  2.6975e-01  3.2475e-01]\n",
      " [ 2.2975e-01  1.8475e-01  1.4475e-01  1.0975e-01  7.9750e-02  5.4750e-02\n",
      "   3.4750e-02  1.9750e-02  9.7500e-03  4.7500e-03  4.7500e-03  9.7500e-03\n",
      "   1.9750e-02  3.4750e-02  5.4750e-02  7.9750e-02  1.0975e-01  1.4475e-01\n",
      "   1.8475e-01  2.2975e-01  2.7975e-01  3.3475e-01]\n",
      " [ 2.4475e-01  1.9975e-01  1.5975e-01  1.2475e-01  9.4750e-02  6.9750e-02\n",
      "   4.9750e-02  3.4750e-02  2.4750e-02  1.9750e-02  1.9750e-02  2.4750e-02\n",
      "   3.4750e-02  4.9750e-02  6.9750e-02  9.4750e-02  1.2475e-01  1.5975e-01\n",
      "   1.9975e-01  2.4475e-01  2.9475e-01  3.4975e-01]\n",
      " [ 2.6475e-01  2.1975e-01  1.7975e-01  1.4475e-01  1.1475e-01  8.9750e-02\n",
      "   6.9750e-02  5.4750e-02  4.4750e-02  3.9750e-02  3.9750e-02  4.4750e-02\n",
      "   5.4750e-02  6.9750e-02  8.9750e-02  1.1475e-01  1.4475e-01  1.7975e-01\n",
      "   2.1975e-01  2.6475e-01  3.1475e-01  3.6975e-01]\n",
      " [ 2.8975e-01  2.4475e-01  2.0475e-01  1.6975e-01  1.3975e-01  1.1475e-01\n",
      "   9.4750e-02  7.9750e-02  6.9750e-02  6.4750e-02  6.4750e-02  6.9750e-02\n",
      "   7.9750e-02  9.4750e-02  1.1475e-01  1.3975e-01  1.6975e-01  2.0475e-01\n",
      "   2.4475e-01  2.8975e-01  3.3975e-01  3.9475e-01]\n",
      " [ 3.1975e-01  2.7475e-01  2.3475e-01  1.9975e-01  1.6975e-01  1.4475e-01\n",
      "   1.2475e-01  1.0975e-01  9.9750e-02  9.4750e-02  9.4750e-02  9.9750e-02\n",
      "   1.0975e-01  1.2475e-01  1.4475e-01  1.6975e-01  1.9975e-01  2.3475e-01\n",
      "   2.7475e-01  3.1975e-01  3.6975e-01  4.2475e-01]]\n",
      "struc_nsd: (20, 20) \n",
      " [[1 1 1 1 1 1 1 1 1 1 1 1 1 1 1 1 1 1 1 1]\n",
      " [1 1 1 1 1 1 1 1 1 1 1 1 1 1 1 1 1 1 1 1]\n",
      " [1 1 1 1 1 1 1 1 1 1 1 1 1 1 1 1 1 1 1 1]\n",
      " [1 1 1 1 1 1 1 1 1 1 1 1 1 1 1 1 1 1 1 1]\n",
      " [1 1 1 1 1 1 1 1 1 1 1 1 1 1 1 1 1 1 1 1]\n",
      " [1 1 1 1 1 1 1 1 1 1 1 1 1 1 1 1 1 1 1 1]\n",
      " [1 1 1 1 1 1 1 1 1 1 1 1 1 1 1 1 1 1 1 1]\n",
      " [1 1 1 1 1 1 1 1 1 1 1 1 1 1 1 1 1 1 1 1]\n",
      " [1 1 1 1 1 1 1 1 1 1 1 1 1 1 1 1 1 1 1 1]\n",
      " [1 1 1 1 1 1 1 1 1 1 1 1 1 1 1 1 1 1 1 1]\n",
      " [1 1 1 1 1 1 1 1 1 1 1 1 1 1 1 1 1 1 1 1]\n",
      " [1 1 1 1 1 1 1 1 1 1 1 1 1 1 1 1 1 1 1 1]\n",
      " [1 1 1 1 1 1 1 0 0 0 0 1 1 1 1 1 1 1 1 1]\n",
      " [1 1 1 1 1 1 1 0 0 0 0 1 1 1 1 1 1 1 1 1]\n",
      " [1 1 1 1 1 1 1 0 0 0 0 1 1 1 1 1 1 1 1 1]\n",
      " [1 1 1 1 1 1 1 0 0 0 0 1 1 1 1 1 1 1 1 1]\n",
      " [1 1 1 1 1 1 1 1 1 1 1 1 1 1 1 1 1 1 1 1]\n",
      " [1 1 1 1 1 1 1 1 1 1 1 1 1 1 1 1 1 1 1 1]\n",
      " [1 1 1 1 1 1 1 1 1 1 1 1 1 1 1 1 1 1 1 1]\n",
      " [1 1 1 1 1 1 1 1 1 1 1 1 1 1 1 1 1 1 1 1]]\n",
      "struc_sd: (20, 20) \n",
      " [[1 1 1 1 1 1 1 1 1 1 1 1 1 1 1 1 1 1 1 1]\n",
      " [1 1 1 1 1 1 1 1 1 1 1 1 1 1 1 1 1 1 1 1]\n",
      " [1 1 1 1 1 1 1 1 1 1 1 1 1 1 1 1 1 1 1 1]\n",
      " [1 1 1 1 1 1 1 1 1 1 1 1 1 1 1 1 1 1 1 1]\n",
      " [1 1 1 1 1 1 1 1 1 1 1 1 1 1 1 1 1 1 1 1]\n",
      " [1 1 1 1 1 1 1 1 1 1 1 1 1 1 1 1 1 1 1 1]\n",
      " [1 1 1 1 1 1 1 1 1 1 1 1 1 1 1 1 1 1 1 1]\n",
      " [1 1 1 1 1 1 1 1 1 1 1 1 1 1 1 1 1 1 1 1]\n",
      " [1 1 1 1 1 1 1 1 1 1 1 1 1 1 1 1 1 1 1 1]\n",
      " [1 1 1 1 1 1 1 1 1 1 1 1 1 1 1 1 1 1 1 1]\n",
      " [1 1 1 1 1 1 1 1 1 1 1 1 1 1 1 1 1 1 1 1]\n",
      " [1 1 1 1 1 1 1 0 0 0 0 1 1 1 1 1 1 1 1 1]\n",
      " [1 1 1 1 1 1 0 0 0 0 0 0 1 1 1 1 1 1 1 1]\n",
      " [1 1 1 1 1 1 0 0 0 0 0 0 1 1 1 1 1 1 1 1]\n",
      " [1 1 1 1 1 1 0 0 0 0 0 0 1 1 1 1 1 1 1 1]\n",
      " [1 1 1 1 1 1 0 0 0 0 0 0 1 1 1 1 1 1 1 1]\n",
      " [1 1 1 1 1 1 1 0 0 0 0 1 1 1 1 1 1 1 1 1]\n",
      " [1 1 1 1 1 1 1 1 1 1 1 1 1 1 1 1 1 1 1 1]\n",
      " [1 1 1 1 1 1 1 1 1 1 1 1 1 1 1 1 1 1 1 1]\n",
      " [1 1 1 1 1 1 1 1 1 1 1 1 1 1 1 1 1 1 1 1]]\n",
      "lsf_nsd_reinit: (22, 22) \n",
      " [[-0.046 -0.025 -0.025 -0.025 -0.025 -0.025 -0.025 -0.025 -0.025 -0.025\n",
      "  -0.025 -0.025 -0.025 -0.025 -0.025 -0.025 -0.025 -0.025 -0.025 -0.025\n",
      "  -0.025 -0.046]\n",
      " [-0.025  0.025  0.025  0.025  0.025  0.025  0.025  0.025  0.025  0.025\n",
      "   0.025  0.025  0.025  0.025  0.025  0.025  0.025  0.025  0.025  0.025\n",
      "   0.025 -0.025]\n",
      " [-0.025  0.025  0.075  0.075  0.075  0.075  0.075  0.075  0.075  0.075\n",
      "   0.075  0.075  0.075  0.075  0.075  0.075  0.075  0.075  0.075  0.075\n",
      "   0.025 -0.025]\n",
      " [-0.025  0.025  0.075  0.125  0.125  0.125  0.125  0.125  0.125  0.125\n",
      "   0.125  0.125  0.125  0.125  0.125  0.125  0.125  0.125  0.125  0.075\n",
      "   0.025 -0.025]\n",
      " [-0.025  0.025  0.075  0.125  0.175  0.175  0.175  0.175  0.175  0.175\n",
      "   0.175  0.175  0.175  0.175  0.175  0.175  0.175  0.175  0.125  0.075\n",
      "   0.025 -0.025]\n",
      " [-0.025  0.025  0.075  0.125  0.175  0.225  0.225  0.225  0.225  0.225\n",
      "   0.225  0.225  0.225  0.225  0.225  0.225  0.225  0.175  0.125  0.075\n",
      "   0.025 -0.025]\n",
      " [-0.025  0.025  0.075  0.125  0.175  0.225  0.275  0.275  0.275  0.275\n",
      "   0.275  0.275  0.275  0.275  0.275  0.275  0.225  0.175  0.125  0.075\n",
      "   0.025 -0.025]\n",
      " [-0.025  0.025  0.075  0.125  0.175  0.225  0.275  0.279  0.275  0.275\n",
      "   0.275  0.275  0.279  0.291  0.31   0.275  0.225  0.175  0.125  0.075\n",
      "   0.025 -0.025]\n",
      " [-0.025  0.025  0.075  0.125  0.175  0.225  0.244  0.23   0.225  0.225\n",
      "   0.225  0.225  0.23   0.244  0.267  0.275  0.225  0.175  0.125  0.075\n",
      "   0.025 -0.025]\n",
      " [-0.025  0.025  0.075  0.125  0.175  0.225  0.199  0.181  0.175  0.175\n",
      "   0.175  0.175  0.181  0.199  0.225  0.258  0.225  0.175  0.125  0.075\n",
      "   0.025 -0.025]\n",
      " [-0.025  0.025  0.075  0.125  0.175  0.187  0.155  0.133  0.125  0.125\n",
      "   0.125  0.125  0.133  0.155  0.187  0.225  0.225  0.175  0.125  0.075\n",
      "   0.025 -0.025]\n",
      " [-0.025  0.025  0.075  0.125  0.175  0.155  0.116  0.087  0.075  0.075\n",
      "   0.075  0.075  0.087  0.116  0.155  0.199  0.225  0.175  0.125  0.075\n",
      "   0.025 -0.025]\n",
      " [-0.025  0.025  0.075  0.125  0.175  0.133  0.087  0.046  0.025  0.025\n",
      "   0.025  0.025  0.046  0.087  0.133  0.181  0.225  0.175  0.125  0.075\n",
      "   0.025 -0.025]\n",
      " [-0.025  0.025  0.075  0.125  0.175  0.125  0.075  0.025 -0.025 -0.025\n",
      "  -0.025 -0.025  0.025  0.075  0.125  0.175  0.225  0.175  0.125  0.075\n",
      "   0.025 -0.025]\n",
      " [-0.025  0.025  0.075  0.125  0.175  0.125  0.075  0.025 -0.025 -0.075\n",
      "  -0.075 -0.025  0.025  0.075  0.125  0.175  0.225  0.175  0.125  0.075\n",
      "   0.025 -0.025]\n",
      " [-0.025  0.025  0.075  0.125  0.175  0.125  0.075  0.025 -0.025 -0.075\n",
      "  -0.075 -0.025  0.025  0.075  0.125  0.175  0.225  0.175  0.125  0.075\n",
      "   0.025 -0.025]\n",
      " [-0.025  0.025  0.075  0.125  0.175  0.125  0.075  0.025 -0.025 -0.025\n",
      "  -0.025 -0.025  0.025  0.075  0.125  0.175  0.225  0.175  0.125  0.075\n",
      "   0.025 -0.025]\n",
      " [-0.025  0.025  0.075  0.125  0.175  0.133  0.087  0.046  0.025  0.025\n",
      "   0.025  0.025  0.046  0.087  0.133  0.175  0.175  0.175  0.125  0.075\n",
      "   0.025 -0.025]\n",
      " [-0.025  0.025  0.075  0.125  0.125  0.125  0.116  0.087  0.075  0.075\n",
      "   0.075  0.075  0.087  0.116  0.125  0.125  0.125  0.125  0.125  0.075\n",
      "   0.025 -0.025]\n",
      " [-0.025  0.025  0.075  0.075  0.075  0.075  0.075  0.075  0.075  0.075\n",
      "   0.075  0.075  0.075  0.075  0.075  0.075  0.075  0.075  0.075  0.075\n",
      "   0.025 -0.025]\n",
      " [-0.025  0.025  0.025  0.025  0.025  0.025  0.025  0.025  0.025  0.025\n",
      "   0.025  0.025  0.025  0.025  0.025  0.025  0.025  0.025  0.025  0.025\n",
      "   0.025 -0.025]\n",
      " [-0.046 -0.025 -0.025 -0.025 -0.025 -0.025 -0.025 -0.025 -0.025 -0.025\n",
      "  -0.025 -0.025 -0.025 -0.025 -0.025 -0.025 -0.025 -0.025 -0.025 -0.025\n",
      "  -0.025 -0.046]]\n",
      "struc_lsf_reinit: (20, 20) \n",
      " [[1 1 1 1 1 1 1 1 1 1 1 1 1 1 1 1 1 1 1 1]\n",
      " [1 1 1 1 1 1 1 1 1 1 1 1 1 1 1 1 1 1 1 1]\n",
      " [1 1 1 1 1 1 1 1 1 1 1 1 1 1 1 1 1 1 1 1]\n",
      " [1 1 1 1 1 1 1 1 1 1 1 1 1 1 1 1 1 1 1 1]\n",
      " [1 1 1 1 1 1 1 1 1 1 1 1 1 1 1 1 1 1 1 1]\n",
      " [1 1 1 1 1 1 1 1 1 1 1 1 1 1 1 1 1 1 1 1]\n",
      " [1 1 1 1 1 1 1 1 1 1 1 1 1 1 1 1 1 1 1 1]\n",
      " [1 1 1 1 1 1 1 1 1 1 1 1 1 1 1 1 1 1 1 1]\n",
      " [1 1 1 1 1 1 1 1 1 1 1 1 1 1 1 1 1 1 1 1]\n",
      " [1 1 1 1 1 1 1 1 1 1 1 1 1 1 1 1 1 1 1 1]\n",
      " [1 1 1 1 1 1 1 1 1 1 1 1 1 1 1 1 1 1 1 1]\n",
      " [1 1 1 1 1 1 1 1 1 1 1 1 1 1 1 1 1 1 1 1]\n",
      " [1 1 1 1 1 1 1 0 0 0 0 1 1 1 1 1 1 1 1 1]\n",
      " [1 1 1 1 1 1 1 0 0 0 0 1 1 1 1 1 1 1 1 1]\n",
      " [1 1 1 1 1 1 1 0 0 0 0 1 1 1 1 1 1 1 1 1]\n",
      " [1 1 1 1 1 1 1 0 0 0 0 1 1 1 1 1 1 1 1 1]\n",
      " [1 1 1 1 1 1 1 1 1 1 1 1 1 1 1 1 1 1 1 1]\n",
      " [1 1 1 1 1 1 1 1 1 1 1 1 1 1 1 1 1 1 1 1]\n",
      " [1 1 1 1 1 1 1 1 1 1 1 1 1 1 1 1 1 1 1 1]\n",
      " [1 1 1 1 1 1 1 1 1 1 1 1 1 1 1 1 1 1 1 1]]\n"
     ]
    }
   ],
   "source": [
    "\n",
    "nelx2, nely2 = 20, 20\n",
    "domain2 = [0, 1, 0, 1]\n",
    "hx2 = (domain2[1] - domain2[0]) / nelx2\n",
    "hy2 = (domain2[3] - domain2[2]) / nely2\n",
    "mesh2 = UniformMesh2d(extent=(0, nelx2+2, 0, nely2+2), \n",
    "                    h=(hx2, hy2), origin=(domain2[0], domain2[2]))\n",
    "\n",
    "bc = mesh2.entity_barycenter('cell')\n",
    "phi_nsd_interpolate = phi_nsd(bc).reshape(nelx2+2, nely2+2).T\n",
    "print(\"phi_nsd_interpolate:\", phi_nsd_interpolate.shape, \"\\n\", phi_nsd_interpolate)\n",
    "\n",
    "phi_sd_interpolate = phi_sd(bc).reshape(nelx2+2, nely2+2).T\n",
    "\n",
    "# 非符号距离函数对应的单元密度\n",
    "strucFull_nsd = (phi_nsd_interpolate >= 0).astype(int)\n",
    "struc_nsd = strucFull_nsd[1:-1, 1:-1]\n",
    "print(\"struc_nsd:\", struc_nsd.shape, \"\\n\", struc_nsd)\n",
    "\n",
    "# 符号距离函数对应的单元密度\n",
    "strucFull_sd = (phi_sd_interpolate >= 0).astype(int)\n",
    "struc_sd = strucFull_sd[1:-1, 1:-1]\n",
    "print(\"struc_sd:\", struc_sd.shape, \"\\n\", struc_sd)\n",
    "\n",
    "\n",
    "lsf_nsd_reinit = reinit(sampling=hx2, struc=struc_nsd)\n",
    "print(\"lsf_nsd_reinit:\", lsf_nsd_reinit.shape, \"\\n\", lsf_nsd_reinit.round(3))\n",
    "\n",
    "strucFull_lsf_reinit = (lsf_nsd_reinit.flatten('F') >= 0).astype(int).reshape(nelx2+2, nely2+2).T\n",
    "struc_lsf_reinit = strucFull_lsf_reinit[1:-1, 1:-1]\n",
    "print(\"struc_lsf_reinit:\", struc_lsf_reinit.shape, \"\\n\", struc_lsf_reinit)"
   ]
  },
  {
   "cell_type": "code",
   "execution_count": 14,
   "metadata": {},
   "outputs": [
    {
     "name": "stdout",
     "output_type": "stream",
     "text": [
      "struc_error_nsd_sd: 16\n",
      "struc_error_sd_reinit: 16\n",
      "struc_error_nsd_reinit: 0\n",
      "error_sd_nsd: 0.11148583103198026\n",
      "error_lsf_nsd: 0.8904606781186548\n",
      "error_lsf_sd: 0.8210484542847422\n"
     ]
    }
   ],
   "source": [
    "\n",
    "print(\"struc_error_nsd_sd:\", np.sum(np.abs(struc_nsd - struc_sd)))\n",
    "print(\"struc_error_sd_reinit:\", np.sum(np.abs(struc_sd - struc_lsf_reinit)))\n",
    "print(\"struc_error_nsd_reinit:\", np.sum(np.abs(struc_nsd - struc_lsf_reinit)))\n",
    "\n",
    "error_sd_nsd = np.max(np.abs(phi_nsd_interpolate - phi_sd_interpolate))\n",
    "print(\"error_sd_nsd:\", error_sd_nsd)\n",
    "error_lsf_nsd = np.max(np.abs(lsf_nsd_reinit - phi_nsd_interpolate))\n",
    "print(\"error_lsf_nsd:\", error_lsf_nsd)\n",
    "error_lsf_sd = np.max(np.abs(lsf_nsd_reinit - phi_sd_interpolate))\n",
    "print(\"error_lsf_sd:\", error_lsf_sd)"
   ]
  },
  {
   "cell_type": "code",
   "execution_count": 15,
   "metadata": {},
   "outputs": [
    {
     "data": {
      "text/plain": [
       "'visualization/chaills_reinit.vts'"
      ]
     },
     "execution_count": 15,
     "metadata": {},
     "output_type": "execute_result"
    }
   ],
   "source": [
    "\n",
    "fname2 = os.path.join(visualization_dir, 'chaills_reinit.vts')\n",
    "mesh2.to_vtk(filename=fname2, \n",
    "                celldata={'strucFull_nsd': strucFull_nsd.flatten('F'),\n",
    "                          'strucFull_sd': strucFull_sd.flatten('F'),\n",
    "                          'phi_nsd': phi_nsd_interpolate.flatten('F'),\n",
    "                          'phi_sd': phi_sd_interpolate.flatten('F'),\n",
    "                          'strucFull_lsf_reinit': strucFull_lsf_reinit.flatten('F'),\n",
    "                          'lsf_nsd_reinit': lsf_nsd_reinit.flatten('F')})"
   ]
  }
 ],
 "metadata": {
  "kernelspec": {
   "display_name": "Python 3",
   "language": "python",
   "name": "python3"
  },
  "language_info": {
   "codemirror_mode": {
    "name": "ipython",
    "version": 3
   },
   "file_extension": ".py",
   "mimetype": "text/x-python",
   "name": "python",
   "nbconvert_exporter": "python",
   "pygments_lexer": "ipython3",
   "version": "3.10.12"
  }
 },
 "nbformat": 4,
 "nbformat_minor": 2
}
