{
 "cells": [
  {
   "cell_type": "markdown",
   "metadata": {},
   "source": [
    "# 水平集函数的重置化"
   ]
  },
  {
   "cell_type": "markdown",
   "metadata": {},
   "source": [
    "## (1) 重置化方程\n",
    "    \n",
    "1. 时间步长取为：\n",
    "\n",
    "$$\\Delta{t} = \\frac{1}{2}\\frac{\\Delta_{\\min}}{\\max~\\big|(\\mathrm{sign}(\\Phi_n)_{ij}\\big|},\\quad\\Delta_{\\min} = \\min(\\Delta{x},\\Delta{y})$$\n",
    "    \n",
    "2. 数值计算时可以通过磨光：\n",
    "$$\\mathrm{sign}(\\Phi)=\\frac{\\Phi}{\\sqrt{\\Phi^2+|\\nabla\\Phi|^2(\\Delta x)^2}}$$\n",
    "其中 $\\nabla\\Phi$ 采用中心差分近似，$D_{ij}^{cx}$ 和 $D_{ij}^{cy}$ 分别是两个维度中的中心差分算子。\n",
    "\n",
    "3. 计算格式：\n",
    "$$\\Phi_{ij}^{n+1} = \\Phi_{ij}^n - \\Delta{t}\\bigg(\\max\\big(\\mathrm{sign}(\\Phi_{ij}^n),0\\big)\\nabla^{+} + \\min\\big(\\mathrm{sign}(\\Phi_{ij}^n),0\\big)\\nabla^{-} - \\mathrm{sign}(\\Phi_{ij}^n)\\bigg)$$\n",
    "其中\n",
    "$$\\nabla^{+} = \\big[\\max(D_{ij}^{-x},0)^2 + \\min(D_{ij}^{+x},0)^2 + \\max(D_{ij}^{-y},0)^2 + \\min(D_{ij}^{+y},0)^2\\big]^{1/2}$$\n",
    "$$\\nabla^{-} = \\big[\\max(D_{ij}^{+x},0)^2 + \\min(D_{ij}^{-x},0)^2 + \\max(D_{ij}^{+y},0)^2 + \\min(D_{ij}^{-y},0)^2\\big]^{1/2}$$\n",
    "这里，$\\Delta{t}$ 是时间步长，$D_{ij}^{\\pm{x}}$ 和 $D_{ij}^{\\pm{y}}$ 分别是 $\\bm{x}\\in\\mathbb{R}^2$ 的两个维度中的向前和向后差分算子。"
   ]
  },
  {
   "cell_type": "code",
   "execution_count": 67,
   "metadata": {},
   "outputs": [],
   "source": [
    "import numpy as np\n",
    "\n",
    "def upwind_diff(phi, d, direction):\n",
    "    \"\"\"\n",
    "    使用迎风格式计算向前和向后有限差分.\n",
    "\n",
    "    Parameters:\n",
    "    - phi ( ndarray - (nely+2, nlex+2) ): 水平集函数在水平集网格点上的值;\n",
    "    - d (float): x 或 y 方向上相邻网格的间距, 取决于 'direction' 参数;\n",
    "    - direction (str): 'x': 沿 x 方向计算差分, 'y': 表示沿 y 方向计算差分.\n",
    "\n",
    "    Returns:\n",
    "    - back_diff ( ndarray - (nely+2, nlex+2) ): 向后差分矩阵: ( phi(i, j) - phi(i-1, j) ) / dx\n",
    "                            或 ( phi(i, j) - phi(i, j-1) ) / dx, 取决于 'direction'.\n",
    "    - fawd_diff ( ndarray - (nely+2, nlex+2) ): 向前差分矩阵: ( phi(i+1, j) - phi(i, j) ) / dx\n",
    "                            或 ( phi(i, j+1) - phi(i, j) ) / dx, 取决于 'direction'.\n",
    "    \"\"\"\n",
    "    # 根据指定的方向计算后向和前向差分\n",
    "    if direction == 'x':\n",
    "        x_minus_1 = np.roll(phi, 1, axis=1) # x 方向向右位移\n",
    "        x_plus_1 = np.roll(phi, -1, axis=1) # x 方向向左位移\n",
    "        dx = d\n",
    "        back_diff = (phi - x_minus_1) / dx\n",
    "        fawd_diff = (x_plus_1 - phi) / dx\n",
    "    elif direction == 'y':\n",
    "        y_minus_1 = np.roll(phi, 1, axis=0) # y 方向向下位移\n",
    "        y_plus_1 = np.roll(phi, -1, axis=0) # y 方向向上位移\n",
    "        dy = d\n",
    "        back_diff = (phi - y_minus_1) / dy\n",
    "        fawd_diff = (y_plus_1 - phi) / dy\n",
    "    else:\n",
    "        raise ValueError(\"direction 必须是 'x' 或 'y'\")\n",
    "    \n",
    "    return back_diff, fawd_diff\n",
    "\n",
    "def reinit(phi0, dx, dy, loop_num):\n",
    "    \"\"\" \n",
    "    将水平集函数重初始化为符号距离函数.\n",
    "\n",
    "    Parameters:\n",
    "    - phi0 ( ndarray - (nely+2, nelx+2) ): 重置化前的水平集界面;\n",
    "    - dx: 有限元单元的宽度;\n",
    "    - dy: 有限元单元的高度;\n",
    "    - loop_num: 重初始化的时间步数.\n",
    "\n",
    "    Returns:\n",
    "    - sign_dist_phi (ndarray - (nely+2, nelx+2) ): 重置化后的水平集界面.\n",
    "    \"\"\"\n",
    "    for _ in range(loop_num + 1):\n",
    "        # 水平集函数沿 x 和 y 方向的向前和向后差分算子\n",
    "        dx_L, dx_R = upwind_diff(phi0, dx, 'x')\n",
    "        dy_L, dy_R = upwind_diff(phi0, dy, 'y')\n",
    "        \n",
    "        # 水平集函数沿 x 和 y 方向的中心差分算子\n",
    "        dx_C = (dx_L + dx_R) / 2\n",
    "        dy_C = (dy_L + dy_R) / 2\n",
    "        \n",
    "        # sign(Phi) 的数值计算\n",
    "        signPhi = phi0 / (np.sqrt(phi0**2 + (dx_C**2 + dy_C**2) * dx**2) + np.finfo(float).eps)\n",
    "\n",
    "        # CFL 时间步长\n",
    "        detT = 0.5 * min(dx, dy) / np.max(np.abs(signPhi))\n",
    "        \n",
    "        grad_plus = np.sqrt(np.maximum(dx_L, 0)**2 + np.minimum(dx_R, 0)**2 +\n",
    "                            np.maximum(dy_L, 0)**2 + np.minimum(dy_R, 0)**2)\n",
    "        grad_minus = np.sqrt(np.minimum(dx_L, 0)**2 + np.maximum(dx_R, 0)**2 +\n",
    "                            np.minimum(dy_L, 0)**2 + np.maximum(dy_R, 0)**2)\n",
    "\n",
    "        phi0 = phi0 - detT * \\\n",
    "            (np.maximum(signPhi, 0)*grad_plus + np.minimum(signPhi, 0)*grad_minus - signPhi)\n",
    "\n",
    "    sign_dist_phi = phi0\n",
    "\n",
    "    return sign_dist_phi"
   ]
  },
  {
   "cell_type": "markdown",
   "metadata": {},
   "source": [
    "## (2) reinit 函数检验\n",
    "符号距离函数\n",
    "$$\\phi(x,y) = \\sqrt{(x-0.5)^2+(y-0.75)^2} - 0.15$$\n",
    "其$$(x,y)\\in[0, 1]\\times[0,1]$。\n",
    "$$|\\nabla\\phi| = \\sqrt{\\bigg(\\frac{x-0.5}{\\sqrt{(x-0.5)^2+(y-0.5)^2}}\\bigg)^2 + \\bigg(\\frac{y-0.75}{\\sqrt{(x-0.5)^2+(y-0.5)^2)}}\\bigg)^2} = 1$$\n",
    "非符号距离函数\n",
    "$$\\psi(x,y) = (x-0.5)^2+(y-0.75)^2 - 0.0115$$\n",
    "其中$(x,y)\\in[0, 1]\\times[0,1]$。\n",
    "$$|\\nabla\\psi| = \\sqrt{(2(x-0.5)^2 + (2(y-0.75))^2} = 2\\sqrt{(x-0.5)^2+(y-0.75)^2} = 2\\sqrt{0.0115} \\neq 1$$"
   ]
  },
  {
   "cell_type": "code",
   "execution_count": 68,
   "metadata": {},
   "outputs": [
    {
     "name": "stdout",
     "output_type": "stream",
     "text": [
      "ls_NC: 441\n",
      "ls_NN: 484\n",
      "ls_node: (484, 2) \n",
      " [[-0.025 -0.025]\n",
      " [-0.025  0.025]\n",
      " [-0.025  0.075]\n",
      " [-0.025  0.125]\n",
      " [-0.025  0.175]\n",
      " [-0.025  0.225]\n",
      " [-0.025  0.275]\n",
      " [-0.025  0.325]\n",
      " [-0.025  0.375]\n",
      " [-0.025  0.425]\n",
      " [-0.025  0.475]\n",
      " [-0.025  0.525]\n",
      " [-0.025  0.575]\n",
      " [-0.025  0.625]\n",
      " [-0.025  0.675]\n",
      " [-0.025  0.725]\n",
      " [-0.025  0.775]\n",
      " [-0.025  0.825]\n",
      " [-0.025  0.875]\n",
      " [-0.025  0.925]\n",
      " [-0.025  0.975]\n",
      " [-0.025  1.025]\n",
      " [ 0.025 -0.025]\n",
      " [ 0.025  0.025]\n",
      " [ 0.025  0.075]\n",
      " [ 0.025  0.125]\n",
      " [ 0.025  0.175]\n",
      " [ 0.025  0.225]\n",
      " [ 0.025  0.275]\n",
      " [ 0.025  0.325]\n",
      " [ 0.025  0.375]\n",
      " [ 0.025  0.425]\n",
      " [ 0.025  0.475]\n",
      " [ 0.025  0.525]\n",
      " [ 0.025  0.575]\n",
      " [ 0.025  0.625]\n",
      " [ 0.025  0.675]\n",
      " [ 0.025  0.725]\n",
      " [ 0.025  0.775]\n",
      " [ 0.025  0.825]\n",
      " [ 0.025  0.875]\n",
      " [ 0.025  0.925]\n",
      " [ 0.025  0.975]\n",
      " [ 0.025  1.025]\n",
      " [ 0.075 -0.025]\n",
      " [ 0.075  0.025]\n",
      " [ 0.075  0.075]\n",
      " [ 0.075  0.125]\n",
      " [ 0.075  0.175]\n",
      " [ 0.075  0.225]\n",
      " [ 0.075  0.275]\n",
      " [ 0.075  0.325]\n",
      " [ 0.075  0.375]\n",
      " [ 0.075  0.425]\n",
      " [ 0.075  0.475]\n",
      " [ 0.075  0.525]\n",
      " [ 0.075  0.575]\n",
      " [ 0.075  0.625]\n",
      " [ 0.075  0.675]\n",
      " [ 0.075  0.725]\n",
      " [ 0.075  0.775]\n",
      " [ 0.075  0.825]\n",
      " [ 0.075  0.875]\n",
      " [ 0.075  0.925]\n",
      " [ 0.075  0.975]\n",
      " [ 0.075  1.025]\n",
      " [ 0.125 -0.025]\n",
      " [ 0.125  0.025]\n",
      " [ 0.125  0.075]\n",
      " [ 0.125  0.125]\n",
      " [ 0.125  0.175]\n",
      " [ 0.125  0.225]\n",
      " [ 0.125  0.275]\n",
      " [ 0.125  0.325]\n",
      " [ 0.125  0.375]\n",
      " [ 0.125  0.425]\n",
      " [ 0.125  0.475]\n",
      " [ 0.125  0.525]\n",
      " [ 0.125  0.575]\n",
      " [ 0.125  0.625]\n",
      " [ 0.125  0.675]\n",
      " [ 0.125  0.725]\n",
      " [ 0.125  0.775]\n",
      " [ 0.125  0.825]\n",
      " [ 0.125  0.875]\n",
      " [ 0.125  0.925]\n",
      " [ 0.125  0.975]\n",
      " [ 0.125  1.025]\n",
      " [ 0.175 -0.025]\n",
      " [ 0.175  0.025]\n",
      " [ 0.175  0.075]\n",
      " [ 0.175  0.125]\n",
      " [ 0.175  0.175]\n",
      " [ 0.175  0.225]\n",
      " [ 0.175  0.275]\n",
      " [ 0.175  0.325]\n",
      " [ 0.175  0.375]\n",
      " [ 0.175  0.425]\n",
      " [ 0.175  0.475]\n",
      " [ 0.175  0.525]\n",
      " [ 0.175  0.575]\n",
      " [ 0.175  0.625]\n",
      " [ 0.175  0.675]\n",
      " [ 0.175  0.725]\n",
      " [ 0.175  0.775]\n",
      " [ 0.175  0.825]\n",
      " [ 0.175  0.875]\n",
      " [ 0.175  0.925]\n",
      " [ 0.175  0.975]\n",
      " [ 0.175  1.025]\n",
      " [ 0.225 -0.025]\n",
      " [ 0.225  0.025]\n",
      " [ 0.225  0.075]\n",
      " [ 0.225  0.125]\n",
      " [ 0.225  0.175]\n",
      " [ 0.225  0.225]\n",
      " [ 0.225  0.275]\n",
      " [ 0.225  0.325]\n",
      " [ 0.225  0.375]\n",
      " [ 0.225  0.425]\n",
      " [ 0.225  0.475]\n",
      " [ 0.225  0.525]\n",
      " [ 0.225  0.575]\n",
      " [ 0.225  0.625]\n",
      " [ 0.225  0.675]\n",
      " [ 0.225  0.725]\n",
      " [ 0.225  0.775]\n",
      " [ 0.225  0.825]\n",
      " [ 0.225  0.875]\n",
      " [ 0.225  0.925]\n",
      " [ 0.225  0.975]\n",
      " [ 0.225  1.025]\n",
      " [ 0.275 -0.025]\n",
      " [ 0.275  0.025]\n",
      " [ 0.275  0.075]\n",
      " [ 0.275  0.125]\n",
      " [ 0.275  0.175]\n",
      " [ 0.275  0.225]\n",
      " [ 0.275  0.275]\n",
      " [ 0.275  0.325]\n",
      " [ 0.275  0.375]\n",
      " [ 0.275  0.425]\n",
      " [ 0.275  0.475]\n",
      " [ 0.275  0.525]\n",
      " [ 0.275  0.575]\n",
      " [ 0.275  0.625]\n",
      " [ 0.275  0.675]\n",
      " [ 0.275  0.725]\n",
      " [ 0.275  0.775]\n",
      " [ 0.275  0.825]\n",
      " [ 0.275  0.875]\n",
      " [ 0.275  0.925]\n",
      " [ 0.275  0.975]\n",
      " [ 0.275  1.025]\n",
      " [ 0.325 -0.025]\n",
      " [ 0.325  0.025]\n",
      " [ 0.325  0.075]\n",
      " [ 0.325  0.125]\n",
      " [ 0.325  0.175]\n",
      " [ 0.325  0.225]\n",
      " [ 0.325  0.275]\n",
      " [ 0.325  0.325]\n",
      " [ 0.325  0.375]\n",
      " [ 0.325  0.425]\n",
      " [ 0.325  0.475]\n",
      " [ 0.325  0.525]\n",
      " [ 0.325  0.575]\n",
      " [ 0.325  0.625]\n",
      " [ 0.325  0.675]\n",
      " [ 0.325  0.725]\n",
      " [ 0.325  0.775]\n",
      " [ 0.325  0.825]\n",
      " [ 0.325  0.875]\n",
      " [ 0.325  0.925]\n",
      " [ 0.325  0.975]\n",
      " [ 0.325  1.025]\n",
      " [ 0.375 -0.025]\n",
      " [ 0.375  0.025]\n",
      " [ 0.375  0.075]\n",
      " [ 0.375  0.125]\n",
      " [ 0.375  0.175]\n",
      " [ 0.375  0.225]\n",
      " [ 0.375  0.275]\n",
      " [ 0.375  0.325]\n",
      " [ 0.375  0.375]\n",
      " [ 0.375  0.425]\n",
      " [ 0.375  0.475]\n",
      " [ 0.375  0.525]\n",
      " [ 0.375  0.575]\n",
      " [ 0.375  0.625]\n",
      " [ 0.375  0.675]\n",
      " [ 0.375  0.725]\n",
      " [ 0.375  0.775]\n",
      " [ 0.375  0.825]\n",
      " [ 0.375  0.875]\n",
      " [ 0.375  0.925]\n",
      " [ 0.375  0.975]\n",
      " [ 0.375  1.025]\n",
      " [ 0.425 -0.025]\n",
      " [ 0.425  0.025]\n",
      " [ 0.425  0.075]\n",
      " [ 0.425  0.125]\n",
      " [ 0.425  0.175]\n",
      " [ 0.425  0.225]\n",
      " [ 0.425  0.275]\n",
      " [ 0.425  0.325]\n",
      " [ 0.425  0.375]\n",
      " [ 0.425  0.425]\n",
      " [ 0.425  0.475]\n",
      " [ 0.425  0.525]\n",
      " [ 0.425  0.575]\n",
      " [ 0.425  0.625]\n",
      " [ 0.425  0.675]\n",
      " [ 0.425  0.725]\n",
      " [ 0.425  0.775]\n",
      " [ 0.425  0.825]\n",
      " [ 0.425  0.875]\n",
      " [ 0.425  0.925]\n",
      " [ 0.425  0.975]\n",
      " [ 0.425  1.025]\n",
      " [ 0.475 -0.025]\n",
      " [ 0.475  0.025]\n",
      " [ 0.475  0.075]\n",
      " [ 0.475  0.125]\n",
      " [ 0.475  0.175]\n",
      " [ 0.475  0.225]\n",
      " [ 0.475  0.275]\n",
      " [ 0.475  0.325]\n",
      " [ 0.475  0.375]\n",
      " [ 0.475  0.425]\n",
      " [ 0.475  0.475]\n",
      " [ 0.475  0.525]\n",
      " [ 0.475  0.575]\n",
      " [ 0.475  0.625]\n",
      " [ 0.475  0.675]\n",
      " [ 0.475  0.725]\n",
      " [ 0.475  0.775]\n",
      " [ 0.475  0.825]\n",
      " [ 0.475  0.875]\n",
      " [ 0.475  0.925]\n",
      " [ 0.475  0.975]\n",
      " [ 0.475  1.025]\n",
      " [ 0.525 -0.025]\n",
      " [ 0.525  0.025]\n",
      " [ 0.525  0.075]\n",
      " [ 0.525  0.125]\n",
      " [ 0.525  0.175]\n",
      " [ 0.525  0.225]\n",
      " [ 0.525  0.275]\n",
      " [ 0.525  0.325]\n",
      " [ 0.525  0.375]\n",
      " [ 0.525  0.425]\n",
      " [ 0.525  0.475]\n",
      " [ 0.525  0.525]\n",
      " [ 0.525  0.575]\n",
      " [ 0.525  0.625]\n",
      " [ 0.525  0.675]\n",
      " [ 0.525  0.725]\n",
      " [ 0.525  0.775]\n",
      " [ 0.525  0.825]\n",
      " [ 0.525  0.875]\n",
      " [ 0.525  0.925]\n",
      " [ 0.525  0.975]\n",
      " [ 0.525  1.025]\n",
      " [ 0.575 -0.025]\n",
      " [ 0.575  0.025]\n",
      " [ 0.575  0.075]\n",
      " [ 0.575  0.125]\n",
      " [ 0.575  0.175]\n",
      " [ 0.575  0.225]\n",
      " [ 0.575  0.275]\n",
      " [ 0.575  0.325]\n",
      " [ 0.575  0.375]\n",
      " [ 0.575  0.425]\n",
      " [ 0.575  0.475]\n",
      " [ 0.575  0.525]\n",
      " [ 0.575  0.575]\n",
      " [ 0.575  0.625]\n",
      " [ 0.575  0.675]\n",
      " [ 0.575  0.725]\n",
      " [ 0.575  0.775]\n",
      " [ 0.575  0.825]\n",
      " [ 0.575  0.875]\n",
      " [ 0.575  0.925]\n",
      " [ 0.575  0.975]\n",
      " [ 0.575  1.025]\n",
      " [ 0.625 -0.025]\n",
      " [ 0.625  0.025]\n",
      " [ 0.625  0.075]\n",
      " [ 0.625  0.125]\n",
      " [ 0.625  0.175]\n",
      " [ 0.625  0.225]\n",
      " [ 0.625  0.275]\n",
      " [ 0.625  0.325]\n",
      " [ 0.625  0.375]\n",
      " [ 0.625  0.425]\n",
      " [ 0.625  0.475]\n",
      " [ 0.625  0.525]\n",
      " [ 0.625  0.575]\n",
      " [ 0.625  0.625]\n",
      " [ 0.625  0.675]\n",
      " [ 0.625  0.725]\n",
      " [ 0.625  0.775]\n",
      " [ 0.625  0.825]\n",
      " [ 0.625  0.875]\n",
      " [ 0.625  0.925]\n",
      " [ 0.625  0.975]\n",
      " [ 0.625  1.025]\n",
      " [ 0.675 -0.025]\n",
      " [ 0.675  0.025]\n",
      " [ 0.675  0.075]\n",
      " [ 0.675  0.125]\n",
      " [ 0.675  0.175]\n",
      " [ 0.675  0.225]\n",
      " [ 0.675  0.275]\n",
      " [ 0.675  0.325]\n",
      " [ 0.675  0.375]\n",
      " [ 0.675  0.425]\n",
      " [ 0.675  0.475]\n",
      " [ 0.675  0.525]\n",
      " [ 0.675  0.575]\n",
      " [ 0.675  0.625]\n",
      " [ 0.675  0.675]\n",
      " [ 0.675  0.725]\n",
      " [ 0.675  0.775]\n",
      " [ 0.675  0.825]\n",
      " [ 0.675  0.875]\n",
      " [ 0.675  0.925]\n",
      " [ 0.675  0.975]\n",
      " [ 0.675  1.025]\n",
      " [ 0.725 -0.025]\n",
      " [ 0.725  0.025]\n",
      " [ 0.725  0.075]\n",
      " [ 0.725  0.125]\n",
      " [ 0.725  0.175]\n",
      " [ 0.725  0.225]\n",
      " [ 0.725  0.275]\n",
      " [ 0.725  0.325]\n",
      " [ 0.725  0.375]\n",
      " [ 0.725  0.425]\n",
      " [ 0.725  0.475]\n",
      " [ 0.725  0.525]\n",
      " [ 0.725  0.575]\n",
      " [ 0.725  0.625]\n",
      " [ 0.725  0.675]\n",
      " [ 0.725  0.725]\n",
      " [ 0.725  0.775]\n",
      " [ 0.725  0.825]\n",
      " [ 0.725  0.875]\n",
      " [ 0.725  0.925]\n",
      " [ 0.725  0.975]\n",
      " [ 0.725  1.025]\n",
      " [ 0.775 -0.025]\n",
      " [ 0.775  0.025]\n",
      " [ 0.775  0.075]\n",
      " [ 0.775  0.125]\n",
      " [ 0.775  0.175]\n",
      " [ 0.775  0.225]\n",
      " [ 0.775  0.275]\n",
      " [ 0.775  0.325]\n",
      " [ 0.775  0.375]\n",
      " [ 0.775  0.425]\n",
      " [ 0.775  0.475]\n",
      " [ 0.775  0.525]\n",
      " [ 0.775  0.575]\n",
      " [ 0.775  0.625]\n",
      " [ 0.775  0.675]\n",
      " [ 0.775  0.725]\n",
      " [ 0.775  0.775]\n",
      " [ 0.775  0.825]\n",
      " [ 0.775  0.875]\n",
      " [ 0.775  0.925]\n",
      " [ 0.775  0.975]\n",
      " [ 0.775  1.025]\n",
      " [ 0.825 -0.025]\n",
      " [ 0.825  0.025]\n",
      " [ 0.825  0.075]\n",
      " [ 0.825  0.125]\n",
      " [ 0.825  0.175]\n",
      " [ 0.825  0.225]\n",
      " [ 0.825  0.275]\n",
      " [ 0.825  0.325]\n",
      " [ 0.825  0.375]\n",
      " [ 0.825  0.425]\n",
      " [ 0.825  0.475]\n",
      " [ 0.825  0.525]\n",
      " [ 0.825  0.575]\n",
      " [ 0.825  0.625]\n",
      " [ 0.825  0.675]\n",
      " [ 0.825  0.725]\n",
      " [ 0.825  0.775]\n",
      " [ 0.825  0.825]\n",
      " [ 0.825  0.875]\n",
      " [ 0.825  0.925]\n",
      " [ 0.825  0.975]\n",
      " [ 0.825  1.025]\n",
      " [ 0.875 -0.025]\n",
      " [ 0.875  0.025]\n",
      " [ 0.875  0.075]\n",
      " [ 0.875  0.125]\n",
      " [ 0.875  0.175]\n",
      " [ 0.875  0.225]\n",
      " [ 0.875  0.275]\n",
      " [ 0.875  0.325]\n",
      " [ 0.875  0.375]\n",
      " [ 0.875  0.425]\n",
      " [ 0.875  0.475]\n",
      " [ 0.875  0.525]\n",
      " [ 0.875  0.575]\n",
      " [ 0.875  0.625]\n",
      " [ 0.875  0.675]\n",
      " [ 0.875  0.725]\n",
      " [ 0.875  0.775]\n",
      " [ 0.875  0.825]\n",
      " [ 0.875  0.875]\n",
      " [ 0.875  0.925]\n",
      " [ 0.875  0.975]\n",
      " [ 0.875  1.025]\n",
      " [ 0.925 -0.025]\n",
      " [ 0.925  0.025]\n",
      " [ 0.925  0.075]\n",
      " [ 0.925  0.125]\n",
      " [ 0.925  0.175]\n",
      " [ 0.925  0.225]\n",
      " [ 0.925  0.275]\n",
      " [ 0.925  0.325]\n",
      " [ 0.925  0.375]\n",
      " [ 0.925  0.425]\n",
      " [ 0.925  0.475]\n",
      " [ 0.925  0.525]\n",
      " [ 0.925  0.575]\n",
      " [ 0.925  0.625]\n",
      " [ 0.925  0.675]\n",
      " [ 0.925  0.725]\n",
      " [ 0.925  0.775]\n",
      " [ 0.925  0.825]\n",
      " [ 0.925  0.875]\n",
      " [ 0.925  0.925]\n",
      " [ 0.925  0.975]\n",
      " [ 0.925  1.025]\n",
      " [ 0.975 -0.025]\n",
      " [ 0.975  0.025]\n",
      " [ 0.975  0.075]\n",
      " [ 0.975  0.125]\n",
      " [ 0.975  0.175]\n",
      " [ 0.975  0.225]\n",
      " [ 0.975  0.275]\n",
      " [ 0.975  0.325]\n",
      " [ 0.975  0.375]\n",
      " [ 0.975  0.425]\n",
      " [ 0.975  0.475]\n",
      " [ 0.975  0.525]\n",
      " [ 0.975  0.575]\n",
      " [ 0.975  0.625]\n",
      " [ 0.975  0.675]\n",
      " [ 0.975  0.725]\n",
      " [ 0.975  0.775]\n",
      " [ 0.975  0.825]\n",
      " [ 0.975  0.875]\n",
      " [ 0.975  0.925]\n",
      " [ 0.975  0.975]\n",
      " [ 0.975  1.025]\n",
      " [ 1.025 -0.025]\n",
      " [ 1.025  0.025]\n",
      " [ 1.025  0.075]\n",
      " [ 1.025  0.125]\n",
      " [ 1.025  0.175]\n",
      " [ 1.025  0.225]\n",
      " [ 1.025  0.275]\n",
      " [ 1.025  0.325]\n",
      " [ 1.025  0.375]\n",
      " [ 1.025  0.425]\n",
      " [ 1.025  0.475]\n",
      " [ 1.025  0.525]\n",
      " [ 1.025  0.575]\n",
      " [ 1.025  0.625]\n",
      " [ 1.025  0.675]\n",
      " [ 1.025  0.725]\n",
      " [ 1.025  0.775]\n",
      " [ 1.025  0.825]\n",
      " [ 1.025  0.875]\n",
      " [ 1.025  0.925]\n",
      " [ 1.025  0.975]\n",
      " [ 1.025  1.025]]\n"
     ]
    }
   ],
   "source": [
    "from fealpy.mesh import UniformMesh2d\n",
    "\n",
    "# 测试参数\n",
    "nelx, nely = 20, 20\n",
    "domain = [0, 1, 0, 1]\n",
    "dw = domain[1] - domain[0]\n",
    "dh = domain[3] - domain[2]\n",
    "ew = (domain[1]-domain[0]) / nelx \n",
    "eh = (domain[3]-domain[2]) / nely \n",
    "\n",
    "from fealpy.mesh import UniformMesh2d\n",
    "ls_domain = [-ew/2, dw+ew/2, -eh/2, dh+eh/2]\n",
    "ls_mesh = UniformMesh2d(extent=(0, nelx+1, 0, nely+1), \n",
    "                    h=(ew, eh), origin=(ls_domain[0], ls_domain[2]))\n",
    "ls_NC = ls_mesh.number_of_cells()\n",
    "print(\"ls_NC:\", ls_NC)\n",
    "ls_NN = ls_mesh.number_of_nodes()\n",
    "print(\"ls_NN:\", ls_NN)\n",
    "ls_node = ls_mesh.entity('node')\n",
    "print(\"ls_node:\", ls_node.shape, \"\\n\", ls_node)"
   ]
  },
  {
   "cell_type": "code",
   "execution_count": 69,
   "metadata": {},
   "outputs": [
    {
     "name": "stdout",
     "output_type": "stream",
     "text": [
      "lsf_nsd: (22, 22) \n",
      " [[ 8.6475e-01  8.1475e-01  7.6975e-01  7.2975e-01  6.9475e-01  6.6475e-01\n",
      "   6.3975e-01  6.1975e-01  6.0475e-01  5.9475e-01  5.8975e-01  5.8975e-01\n",
      "   5.9475e-01  6.0475e-01  6.1975e-01  6.3975e-01  6.6475e-01  6.9475e-01\n",
      "   7.2975e-01  7.6975e-01  8.1475e-01  8.6475e-01]\n",
      " [ 7.8975e-01  7.3975e-01  6.9475e-01  6.5475e-01  6.1975e-01  5.8975e-01\n",
      "   5.6475e-01  5.4475e-01  5.2975e-01  5.1975e-01  5.1475e-01  5.1475e-01\n",
      "   5.1975e-01  5.2975e-01  5.4475e-01  5.6475e-01  5.8975e-01  6.1975e-01\n",
      "   6.5475e-01  6.9475e-01  7.3975e-01  7.8975e-01]\n",
      " [ 7.1975e-01  6.6975e-01  6.2475e-01  5.8475e-01  5.4975e-01  5.1975e-01\n",
      "   4.9475e-01  4.7475e-01  4.5975e-01  4.4975e-01  4.4475e-01  4.4475e-01\n",
      "   4.4975e-01  4.5975e-01  4.7475e-01  4.9475e-01  5.1975e-01  5.4975e-01\n",
      "   5.8475e-01  6.2475e-01  6.6975e-01  7.1975e-01]\n",
      " [ 6.5475e-01  6.0475e-01  5.5975e-01  5.1975e-01  4.8475e-01  4.5475e-01\n",
      "   4.2975e-01  4.0975e-01  3.9475e-01  3.8475e-01  3.7975e-01  3.7975e-01\n",
      "   3.8475e-01  3.9475e-01  4.0975e-01  4.2975e-01  4.5475e-01  4.8475e-01\n",
      "   5.1975e-01  5.5975e-01  6.0475e-01  6.5475e-01]\n",
      " [ 5.9475e-01  5.4475e-01  4.9975e-01  4.5975e-01  4.2475e-01  3.9475e-01\n",
      "   3.6975e-01  3.4975e-01  3.3475e-01  3.2475e-01  3.1975e-01  3.1975e-01\n",
      "   3.2475e-01  3.3475e-01  3.4975e-01  3.6975e-01  3.9475e-01  4.2475e-01\n",
      "   4.5975e-01  4.9975e-01  5.4475e-01  5.9475e-01]\n",
      " [ 5.3975e-01  4.8975e-01  4.4475e-01  4.0475e-01  3.6975e-01  3.3975e-01\n",
      "   3.1475e-01  2.9475e-01  2.7975e-01  2.6975e-01  2.6475e-01  2.6475e-01\n",
      "   2.6975e-01  2.7975e-01  2.9475e-01  3.1475e-01  3.3975e-01  3.6975e-01\n",
      "   4.0475e-01  4.4475e-01  4.8975e-01  5.3975e-01]\n",
      " [ 4.8975e-01  4.3975e-01  3.9475e-01  3.5475e-01  3.1975e-01  2.8975e-01\n",
      "   2.6475e-01  2.4475e-01  2.2975e-01  2.1975e-01  2.1475e-01  2.1475e-01\n",
      "   2.1975e-01  2.2975e-01  2.4475e-01  2.6475e-01  2.8975e-01  3.1975e-01\n",
      "   3.5475e-01  3.9475e-01  4.3975e-01  4.8975e-01]\n",
      " [ 4.4475e-01  3.9475e-01  3.4975e-01  3.0975e-01  2.7475e-01  2.4475e-01\n",
      "   2.1975e-01  1.9975e-01  1.8475e-01  1.7475e-01  1.6975e-01  1.6975e-01\n",
      "   1.7475e-01  1.8475e-01  1.9975e-01  2.1975e-01  2.4475e-01  2.7475e-01\n",
      "   3.0975e-01  3.4975e-01  3.9475e-01  4.4475e-01]\n",
      " [ 4.0475e-01  3.5475e-01  3.0975e-01  2.6975e-01  2.3475e-01  2.0475e-01\n",
      "   1.7975e-01  1.5975e-01  1.4475e-01  1.3475e-01  1.2975e-01  1.2975e-01\n",
      "   1.3475e-01  1.4475e-01  1.5975e-01  1.7975e-01  2.0475e-01  2.3475e-01\n",
      "   2.6975e-01  3.0975e-01  3.5475e-01  4.0475e-01]\n",
      " [ 3.6975e-01  3.1975e-01  2.7475e-01  2.3475e-01  1.9975e-01  1.6975e-01\n",
      "   1.4475e-01  1.2475e-01  1.0975e-01  9.9750e-02  9.4750e-02  9.4750e-02\n",
      "   9.9750e-02  1.0975e-01  1.2475e-01  1.4475e-01  1.6975e-01  1.9975e-01\n",
      "   2.3475e-01  2.7475e-01  3.1975e-01  3.6975e-01]\n",
      " [ 3.3975e-01  2.8975e-01  2.4475e-01  2.0475e-01  1.6975e-01  1.3975e-01\n",
      "   1.1475e-01  9.4750e-02  7.9750e-02  6.9750e-02  6.4750e-02  6.4750e-02\n",
      "   6.9750e-02  7.9750e-02  9.4750e-02  1.1475e-01  1.3975e-01  1.6975e-01\n",
      "   2.0475e-01  2.4475e-01  2.8975e-01  3.3975e-01]\n",
      " [ 3.1475e-01  2.6475e-01  2.1975e-01  1.7975e-01  1.4475e-01  1.1475e-01\n",
      "   8.9750e-02  6.9750e-02  5.4750e-02  4.4750e-02  3.9750e-02  3.9750e-02\n",
      "   4.4750e-02  5.4750e-02  6.9750e-02  8.9750e-02  1.1475e-01  1.4475e-01\n",
      "   1.7975e-01  2.1975e-01  2.6475e-01  3.1475e-01]\n",
      " [ 2.9475e-01  2.4475e-01  1.9975e-01  1.5975e-01  1.2475e-01  9.4750e-02\n",
      "   6.9750e-02  4.9750e-02  3.4750e-02  2.4750e-02  1.9750e-02  1.9750e-02\n",
      "   2.4750e-02  3.4750e-02  4.9750e-02  6.9750e-02  9.4750e-02  1.2475e-01\n",
      "   1.5975e-01  1.9975e-01  2.4475e-01  2.9475e-01]\n",
      " [ 2.7975e-01  2.2975e-01  1.8475e-01  1.4475e-01  1.0975e-01  7.9750e-02\n",
      "   5.4750e-02  3.4750e-02  1.9750e-02  9.7500e-03  4.7500e-03  4.7500e-03\n",
      "   9.7500e-03  1.9750e-02  3.4750e-02  5.4750e-02  7.9750e-02  1.0975e-01\n",
      "   1.4475e-01  1.8475e-01  2.2975e-01  2.7975e-01]\n",
      " [ 2.6975e-01  2.1975e-01  1.7475e-01  1.3475e-01  9.9750e-02  6.9750e-02\n",
      "   4.4750e-02  2.4750e-02  9.7500e-03 -2.5000e-04 -5.2500e-03 -5.2500e-03\n",
      "  -2.5000e-04  9.7500e-03  2.4750e-02  4.4750e-02  6.9750e-02  9.9750e-02\n",
      "   1.3475e-01  1.7475e-01  2.1975e-01  2.6975e-01]\n",
      " [ 2.6475e-01  2.1475e-01  1.6975e-01  1.2975e-01  9.4750e-02  6.4750e-02\n",
      "   3.9750e-02  1.9750e-02  4.7500e-03 -5.2500e-03 -1.0250e-02 -1.0250e-02\n",
      "  -5.2500e-03  4.7500e-03  1.9750e-02  3.9750e-02  6.4750e-02  9.4750e-02\n",
      "   1.2975e-01  1.6975e-01  2.1475e-01  2.6475e-01]\n",
      " [ 2.6475e-01  2.1475e-01  1.6975e-01  1.2975e-01  9.4750e-02  6.4750e-02\n",
      "   3.9750e-02  1.9750e-02  4.7500e-03 -5.2500e-03 -1.0250e-02 -1.0250e-02\n",
      "  -5.2500e-03  4.7500e-03  1.9750e-02  3.9750e-02  6.4750e-02  9.4750e-02\n",
      "   1.2975e-01  1.6975e-01  2.1475e-01  2.6475e-01]\n",
      " [ 2.6975e-01  2.1975e-01  1.7475e-01  1.3475e-01  9.9750e-02  6.9750e-02\n",
      "   4.4750e-02  2.4750e-02  9.7500e-03 -2.5000e-04 -5.2500e-03 -5.2500e-03\n",
      "  -2.5000e-04  9.7500e-03  2.4750e-02  4.4750e-02  6.9750e-02  9.9750e-02\n",
      "   1.3475e-01  1.7475e-01  2.1975e-01  2.6975e-01]\n",
      " [ 2.7975e-01  2.2975e-01  1.8475e-01  1.4475e-01  1.0975e-01  7.9750e-02\n",
      "   5.4750e-02  3.4750e-02  1.9750e-02  9.7500e-03  4.7500e-03  4.7500e-03\n",
      "   9.7500e-03  1.9750e-02  3.4750e-02  5.4750e-02  7.9750e-02  1.0975e-01\n",
      "   1.4475e-01  1.8475e-01  2.2975e-01  2.7975e-01]\n",
      " [ 2.9475e-01  2.4475e-01  1.9975e-01  1.5975e-01  1.2475e-01  9.4750e-02\n",
      "   6.9750e-02  4.9750e-02  3.4750e-02  2.4750e-02  1.9750e-02  1.9750e-02\n",
      "   2.4750e-02  3.4750e-02  4.9750e-02  6.9750e-02  9.4750e-02  1.2475e-01\n",
      "   1.5975e-01  1.9975e-01  2.4475e-01  2.9475e-01]\n",
      " [ 3.1475e-01  2.6475e-01  2.1975e-01  1.7975e-01  1.4475e-01  1.1475e-01\n",
      "   8.9750e-02  6.9750e-02  5.4750e-02  4.4750e-02  3.9750e-02  3.9750e-02\n",
      "   4.4750e-02  5.4750e-02  6.9750e-02  8.9750e-02  1.1475e-01  1.4475e-01\n",
      "   1.7975e-01  2.1975e-01  2.6475e-01  3.1475e-01]\n",
      " [ 3.3975e-01  2.8975e-01  2.4475e-01  2.0475e-01  1.6975e-01  1.3975e-01\n",
      "   1.1475e-01  9.4750e-02  7.9750e-02  6.9750e-02  6.4750e-02  6.4750e-02\n",
      "   6.9750e-02  7.9750e-02  9.4750e-02  1.1475e-01  1.3975e-01  1.6975e-01\n",
      "   2.0475e-01  2.4475e-01  2.8975e-01  3.3975e-01]]\n",
      "lsf_sd: (22, 22) \n",
      " [[ 0.78608226  0.75898295  0.73388348  0.71095877  0.69038682  0.67234421\n",
      "   0.65700062  0.64451243  0.63501592  0.62862058  0.62540312  0.62540312\n",
      "   0.62862058  0.63501592  0.64451243  0.65700062  0.67234421  0.69038682\n",
      "   0.71095877  0.73388348  0.75898295  0.78608226]\n",
      " [ 0.74512569  0.71674679  0.69038682  0.66624139  0.64451243  0.62540312\n",
      "   0.60911132  0.59582169  0.58569695  0.57886899  0.57543091  0.57543091\n",
      "   0.57886899  0.58569695  0.59582169  0.60911132  0.62540312  0.64451243\n",
      "   0.66624139  0.69038682  0.71674679  0.74512569]\n",
      " [ 0.70513157  0.6753787   0.64765281  0.62217226  0.5991662   0.57886899\n",
      "   0.56151247  0.54731628  0.53647651  0.52915389  0.5254628   0.5254628\n",
      "   0.52915389  0.53647651  0.54731628  0.56151247  0.57886899  0.5991662\n",
      "   0.62217226  0.64765281  0.6753787   0.70513157]\n",
      " [ 0.66624139  0.63501592  0.60581082  0.57886899  0.55445014  0.53282501\n",
      "   0.51426651  0.49903775  0.48737744  0.47948392  0.4754998   0.4754998\n",
      "   0.47948392  0.48737744  0.49903775  0.51426651  0.53282501  0.55445014\n",
      "   0.57886899  0.60581082  0.63501592  0.66624139]\n",
      " [ 0.62862058  0.59582169  0.56501748  0.53647651  0.51049224  0.48737744\n",
      "   0.46745445  0.45104076  0.43843011  0.42987068  0.42554322  0.42554322\n",
      "   0.42987068  0.43843011  0.45104076  0.46745445  0.48737744  0.51049224\n",
      "   0.53647651  0.56501748  0.59582169  0.62862058]\n",
      " [ 0.59246212  0.55799011  0.5254628   0.4951744   0.46745445  0.44266348\n",
      "   0.42118298  0.40339859  0.38967583  0.38033009  0.3755949   0.3755949\n",
      "   0.38033009  0.38967583  0.40339859  0.42118298  0.44266348  0.46745445\n",
      "   0.4951744   0.5254628   0.55799011  0.59246212]\n",
      " [ 0.55799011  0.52175144  0.48737744  0.45518592  0.42554322  0.39886246\n",
      "   0.3755949   0.35621142  0.34117207  0.3308846   0.32565744  0.32565744\n",
      "   0.3308846   0.34117207  0.35621142  0.3755949   0.39886246  0.42554322\n",
      "   0.45518592  0.48737744  0.52175144  0.55799011]\n",
      " [ 0.5254628   0.48737744  0.45104076  0.4167892   0.38502336  0.35621142\n",
      "   0.3308846   0.30961941  0.29300113  0.28156691  0.27573466  0.27573466\n",
      "   0.28156691  0.29300113  0.30961941  0.3308846   0.35621142  0.38502336\n",
      "   0.4167892   0.45104076  0.48737744  0.5254628 ]\n",
      " [ 0.4951744   0.45518592  0.4167892   0.38033009  0.34623583  0.31502688\n",
      "   0.28732139  0.26382363  0.24528471  0.23242646  0.22583241  0.22583241\n",
      "   0.23242646  0.24528471  0.26382363  0.28732139  0.31502688  0.34623583\n",
      "   0.38033009  0.4167892   0.45518592  0.4951744 ]\n",
      " [ 0.46745445  0.42554322  0.38502336  0.34623583  0.30961941  0.27573466\n",
      "   0.24528471  0.21912058  0.19820971  0.1835416   0.17596012  0.17596012\n",
      "   0.1835416   0.19820971  0.21912058  0.24528471  0.27573466  0.30961941\n",
      "   0.34623583  0.38502336  0.42554322  0.46745445]\n",
      " [ 0.44266348  0.39886246  0.35621142  0.31502688  0.27573466  0.23890873\n",
      "   0.20531676  0.17596012  0.15207615  0.13504386  0.12613403  0.12613403\n",
      "   0.13504386  0.15207615  0.17596012  0.20531676  0.23890873  0.27573466\n",
      "   0.31502688  0.35621142  0.39886246  0.44266348]\n",
      " [ 0.42118298  0.3755949   0.3308846   0.28732139  0.24528471  0.20531676\n",
      "   0.16819805  0.13504386  0.10739075  0.08717082  0.07638463  0.07638463\n",
      "   0.08717082  0.10739075  0.13504386  0.16819805  0.20531676  0.24528471\n",
      "   0.28732139  0.3308846   0.3755949   0.42118298]\n",
      " [ 0.40339859  0.35621142  0.30961941  0.26382363  0.21912058  0.17596012\n",
      "   0.13504386  0.09748737  0.06505813  0.04039433  0.0267767   0.0267767\n",
      "   0.04039433  0.06505813  0.09748737  0.13504386  0.17596012  0.21912058\n",
      "   0.26382363  0.30961941  0.35621142  0.40339859]\n",
      " [ 0.38967583  0.34117207  0.29300113  0.24528471  0.19820971  0.15207615\n",
      "   0.10739075  0.06505813  0.0267767  -0.0042262  -0.02252451 -0.02252451\n",
      "  -0.0042262   0.0267767   0.06505813  0.10739075  0.15207615  0.19820971\n",
      "   0.24528471  0.29300113  0.34117207  0.38967583]\n",
      " [ 0.38033009  0.3308846   0.28156691  0.23242646  0.1835416   0.13504386\n",
      "   0.08717082  0.04039433 -0.0042262  -0.04393398 -0.07094306 -0.07094306\n",
      "  -0.04393398 -0.0042262   0.04039433  0.08717082  0.13504386  0.1835416\n",
      "   0.23242646  0.28156691  0.3308846   0.38033009]\n",
      " [ 0.3755949   0.32565744  0.27573466  0.22583241  0.17596012  0.12613403\n",
      "   0.07638463  0.0267767  -0.02252451 -0.07094306 -0.11464466 -0.11464466\n",
      "  -0.07094306 -0.02252451  0.0267767   0.07638463  0.12613403  0.17596012\n",
      "   0.22583241  0.27573466  0.32565744  0.3755949 ]\n",
      " [ 0.3755949   0.32565744  0.27573466  0.22583241  0.17596012  0.12613403\n",
      "   0.07638463  0.0267767  -0.02252451 -0.07094306 -0.11464466 -0.11464466\n",
      "  -0.07094306 -0.02252451  0.0267767   0.07638463  0.12613403  0.17596012\n",
      "   0.22583241  0.27573466  0.32565744  0.3755949 ]\n",
      " [ 0.38033009  0.3308846   0.28156691  0.23242646  0.1835416   0.13504386\n",
      "   0.08717082  0.04039433 -0.0042262  -0.04393398 -0.07094306 -0.07094306\n",
      "  -0.04393398 -0.0042262   0.04039433  0.08717082  0.13504386  0.1835416\n",
      "   0.23242646  0.28156691  0.3308846   0.38033009]\n",
      " [ 0.38967583  0.34117207  0.29300113  0.24528471  0.19820971  0.15207615\n",
      "   0.10739075  0.06505813  0.0267767  -0.0042262  -0.02252451 -0.02252451\n",
      "  -0.0042262   0.0267767   0.06505813  0.10739075  0.15207615  0.19820971\n",
      "   0.24528471  0.29300113  0.34117207  0.38967583]\n",
      " [ 0.40339859  0.35621142  0.30961941  0.26382363  0.21912058  0.17596012\n",
      "   0.13504386  0.09748737  0.06505813  0.04039433  0.0267767   0.0267767\n",
      "   0.04039433  0.06505813  0.09748737  0.13504386  0.17596012  0.21912058\n",
      "   0.26382363  0.30961941  0.35621142  0.40339859]\n",
      " [ 0.42118298  0.3755949   0.3308846   0.28732139  0.24528471  0.20531676\n",
      "   0.16819805  0.13504386  0.10739075  0.08717082  0.07638463  0.07638463\n",
      "   0.08717082  0.10739075  0.13504386  0.16819805  0.20531676  0.24528471\n",
      "   0.28732139  0.3308846   0.3755949   0.42118298]\n",
      " [ 0.44266348  0.39886246  0.35621142  0.31502688  0.27573466  0.23890873\n",
      "   0.20531676  0.17596012  0.15207615  0.13504386  0.12613403  0.12613403\n",
      "   0.13504386  0.15207615  0.17596012  0.20531676  0.23890873  0.27573466\n",
      "   0.31502688  0.35621142  0.39886246  0.44266348]]\n",
      "error_nsd_sd: 0.11148583103198023\n"
     ]
    }
   ],
   "source": [
    "import numpy as np\n",
    "from fealpy.decorator import cartesian\n",
    "\n",
    "# 非符号距离函数的水平集函数\n",
    "@cartesian\n",
    "def phi_nsd(p):\n",
    "    x = p[..., 0]\n",
    "    y = p[..., 1]\n",
    "    val = (x - 0.5)**2 + (y - 0.75)**2 - 0.0115\n",
    "\n",
    "    return val\n",
    "\n",
    "# 符号距离函数的水平集函数\n",
    "@cartesian\n",
    "def phi_sd(p):\n",
    "    x = p[..., 0]\n",
    "    y = p[..., 1]\n",
    "    val = np.sqrt((x - 0.5)**2 + (y - 0.75)**2) - 0.15\n",
    "\n",
    "    return val\n",
    "\n",
    "lsf_nsd = phi_nsd(ls_node).reshape(nelx+2, nely+2).T\n",
    "print(\"lsf_nsd:\", lsf_nsd.shape, \"\\n\", lsf_nsd)\n",
    "lsf_sd = phi_sd(ls_node).reshape(nelx+2, nely+2).T\n",
    "print(\"lsf_sd:\", lsf_sd.shape, \"\\n\", lsf_sd)\n",
    "\n",
    "error_nsd_sd = np.max(np.abs(lsf_nsd - lsf_sd))\n",
    "print(\"error_nsd_sd:\", error_nsd_sd)"
   ]
  },
  {
   "cell_type": "code",
   "execution_count": 70,
   "metadata": {},
   "outputs": [
    {
     "name": "stdout",
     "output_type": "stream",
     "text": [
      "The 0-th computation:\n",
      "$|| sd - nsd_reinit ||_{\\infty}$\n",
      "[0.41682691 0.         0.         0.         0.         0.\n",
      " 0.         0.         0.         0.        ]\n",
      "-------\n",
      "The 1-th computation:\n",
      "$|| sd - nsd_reinit ||_{\\infty}$\n",
      "[0.41682691 0.39862034 0.         0.         0.         0.\n",
      " 0.         0.         0.         0.        ]\n",
      "-------\n",
      "The 2-th computation:\n",
      "$|| sd - nsd_reinit ||_{\\infty}$\n",
      "[0.41682691 0.39862034 0.39389376 0.         0.         0.\n",
      " 0.         0.         0.         0.        ]\n",
      "-------\n",
      "The 3-th computation:\n",
      "$|| sd - nsd_reinit ||_{\\infty}$\n",
      "[0.41682691 0.39862034 0.39389376 0.39087649 0.         0.\n",
      " 0.         0.         0.         0.        ]\n",
      "-------\n",
      "The 4-th computation:\n",
      "$|| sd - nsd_reinit ||_{\\infty}$\n",
      "[0.41682691 0.39862034 0.39389376 0.39087649 0.38880186 0.\n",
      " 0.         0.         0.         0.        ]\n",
      "-------\n",
      "The 5-th computation:\n",
      "$|| sd - nsd_reinit ||_{\\infty}$\n",
      "[0.41682691 0.39862034 0.39389376 0.39087649 0.38880186 0.38729978\n",
      " 0.         0.         0.         0.        ]\n",
      "-------\n",
      "The 6-th computation:\n",
      "$|| sd - nsd_reinit ||_{\\infty}$\n",
      "[0.41682691 0.39862034 0.39389376 0.39087649 0.38880186 0.38729978\n",
      " 0.38616235 0.         0.         0.        ]\n",
      "-------\n",
      "The 7-th computation:\n",
      "$|| sd - nsd_reinit ||_{\\infty}$\n",
      "[0.41682691 0.39862034 0.39389376 0.39087649 0.38880186 0.38729978\n",
      " 0.38616235 0.38526954 0.         0.        ]\n",
      "-------\n",
      "The 8-th computation:\n",
      "$|| sd - nsd_reinit ||_{\\infty}$\n",
      "[0.41682691 0.39862034 0.39389376 0.39087649 0.38880186 0.38729978\n",
      " 0.38616235 0.38526954 0.38454841 0.        ]\n",
      "-------\n",
      "The 9-th computation:\n",
      "$|| sd - nsd_reinit ||_{\\infty}$\n",
      "[0.41682691 0.39862034 0.39389376 0.39087649 0.38880186 0.38729978\n",
      " 0.38616235 0.38526954 0.38454841 0.38395238]\n",
      "-------\n"
     ]
    }
   ],
   "source": [
    "maxit = 10\n",
    "errorType = ['$|| sd - nsd_reinit ||_{\\\\infty}$']\n",
    "errorMatrix = np.zeros((1, maxit), dtype=np.float64)\n",
    "for i in range(maxit):\n",
    "    print(\"The {}-th computation:\".format(i))\n",
    "    lsf_nsd_reinit = reinit(phi0=lsf_nsd, dx=ew, dy=eh, loop_num=(10*(i+1)))\n",
    "    errorMatrix[0, i] = np.max(np.abs(lsf_sd - lsf_nsd_reinit))\n",
    "\n",
    "    for i, errType in enumerate(errorType):\n",
    "        print(errType)\n",
    "        print(errorMatrix[i])\n",
    "        print('-------')"
   ]
  },
  {
   "cell_type": "code",
   "execution_count": 71,
   "metadata": {},
   "outputs": [
    {
     "data": {
      "text/plain": [
       "'visualization/wang_reinit.vts'"
      ]
     },
     "execution_count": 71,
     "metadata": {},
     "output_type": "execute_result"
    }
   ],
   "source": [
    "import os\n",
    "visualization_dir = 'visualization/'\n",
    "os.makedirs(visualization_dir, exist_ok=True)\n",
    "fname = os.path.join(visualization_dir, 'wang_reinit.vts')\n",
    "ls_mesh.to_vtk(filename=fname, \n",
    "               nodedata={'lsf_nsd': lsf_nsd.flatten('F'),\n",
    "                         'lsf_nsd_reinit': lsf_nsd_reinit.flatten('F'),\n",
    "                         'lsf_sd': lsf_sd.flatten('F')})"
   ]
  }
 ],
 "metadata": {
  "kernelspec": {
   "display_name": "Python 3",
   "language": "python",
   "name": "python3"
  },
  "language_info": {
   "codemirror_mode": {
    "name": "ipython",
    "version": 3
   },
   "file_extension": ".py",
   "mimetype": "text/x-python",
   "name": "python",
   "nbconvert_exporter": "python",
   "pygments_lexer": "ipython3",
   "version": "3.10.12"
  }
 },
 "nbformat": 4,
 "nbformat_minor": 2
}
